center_x = -1.1659999999999995
center_y = -9.034500000000001
center_z = 16.981
size_x = 9.0
size_y = 10.0
size_z = 16.0
spacing = 1.0
