center_x = 87.256
center_y = 1.9794999999999998
center_z = 11.703999999999999
size_x = 14.0
size_y = 10.0
size_z = 17.0
spacing = 1.0
