center_x = 182.998
center_y = 120.54400000000001
center_z = 278.32349999999997
size_x = 8.0
size_y = 7.0
size_z = 9.0
spacing = 1.0
