center_x = 15.1515
center_y = -1.9250000000000003
center_z = 9.680000000000001
size_x = 15.0
size_y = 10.0
size_z = 16.0
spacing = 1.0
