center_x = -38.4125
center_y = 157.04899999999998
center_z = 0.7940000000000005
size_x = 11.0
size_y = 19.0
size_z = 16.0
spacing = 1.0
