center_x = -15.084499999999998
center_y = 7.042
center_z = -18.445999999999998
size_x = 14.0
size_y = 11.0
size_z = 8.0
spacing = 1.0
