center_x = -0.5775000000000001
center_y = -5.866
center_z = -24.708999999999996
size_x = 8.0
size_y = 10.0
size_z = 11.0
spacing = 1.0
